2
0 0 0
10 10 10
3 3 3
7 7 7
3
5 8 17
23 27 13
13 12 16
20 11 14
13 11 15
4
5 8 17
23 27 13
13 12 16
20 11 14
13 11 15
17 115 14
6
0  0 0
10 4 9
1 3 5
9 2 6
1 1 3
3 3 4
8 1 1
3 2 6
6
0  0 0
10 4 9
1 3 5
7 2 3
1 1 3
1 3 4
2 1 1
3 2 2
2
0  0 0
8 10 4
3 4 2
1 8 1
6
0 1 0
10 4 9
1 3 5
7 2 3
1 3 3
1 3 4
2 2 1
3 2 2
4
0 1 0
10 4 9
1 3 5
7 2 3
1 3 3
1 3 4
4
0 5 0
10 10 9
1 3 5
7 2 3
3 3 5
1 3 4
6
0 1 0
10 4 9
10 3 5
7 2 3
1 3 3
1 3 4
2 2 1
3 2 2
6
1 1 6
10 4 9
1 3 5
7 2 3
1 3 3
1 3 4
2 2 1
3 2 2
6
7 5 8
18 23 9
1 3 5
7 2 3
1 3 3
1 3 4
2 2 1
3 2 2
6
7 5 8
18 23 9
1 3 5
3 2 3
1 7 3
1 3 4
2 10 1
3 2 2
6
7 5 8
18 23 16
1 3 9
3 7 13
1 7 15
8 13 14
10 12 11
3 16 15
6
7 5 8
18 23 16
7 3 9
18 7 13
1 5 15
8 13 8
100 12 16
7 16 15
6
7 5 8
18 23 26
13 3 9
18 7 13
13 14 17
8 13 8
12 12 16
7 16 15
6
7 5 8
18 23 26
13 8 12
18 7 13
13 14 17
8 13 8
12 12 16
7 16 15
6
7 5 8
18 23 26
13 8 12
18 15 13
13 14 17
8 13 8
12 17 16
7 16 15
0